Tgt Density    Atomic   ---- Upper third of table are proton coefficients, next are  ----------------------------------
Num (g/cm3)   Density   ---- helium coefficients, and the bottom are for heavy ions. ----------------------------------
  1 8.990E-05 5.374E19  1.53256E-02 5.31974E-03 6.78071E-01 6.46745E-01 3.53383E02  1.03274E00  2.04039E03  6.19876E-02
  2 1.787E-04 2.690E19  1.67887E00  4.85367E-03 7.62628E-02 1.21206E00  4.22150E02  9.91416E-01 3.62393E02  7.62056E-02
  7 1.251E-03 5.381E19  1.01831E00  4.92930E-03 1.95865E00  5.96939E-01 1.07854E03  9.60478E-01 2.05790E03  4.23022E-02
  8 1.429E-03 5.381E19  4.87331E00  4.79290E-03 2.13819E-01 1.07134E00  8.63037E02  9.32754E-01 1.16788E03  6.79385E-02
 10 9.010E-04 2.690E19  3.52685E00  4.65539E-03 6.59741E-02 1.35733E00  1.07459E03  9.28444E-01 1.07523E02  3.77937E-02
 18 1.784E-03 2.691E19  3.95137E-01 4.47561E-03 4.02546E00  5.90195E-01 1.59703E03  9.10458E-01 1.46621E03  3.03703E-02
 36 3.740E-03 2.689E19  3.80323E00  4.31579E-03 2.40343E00  7.30914E-01 2.40700E03  8.84230E-01 6.02956E02  1.60546E-02
 54 5.890E-03 2.703E19  2.80708E-01 4.19597E-03 4.88593E00  6.59937E-01 1.94406E03  8.46866E-01 8.25605E02  3.62949E-02
  1 8.990E-05 5.374E19  1.52266E-02 5.31881E-03 5.89513E-01 5.38602E-01 4.72351E02  1.04479E00  5.55941E03  2.34787E-02
  2 1.787E-04 2.690E19  1.33262E00  4.82351E-03 8.07484E-02 1.26332E00  7.34409E02  1.04299E00  1.59400E01  3.55532E-02
  7 1.251E-03 5.381E19  3.92873E-01 4.94222E-03 2.06088E00  5.43441E-01 7.43350E02  9.34913E-01 1.41370E04  1.02056E-01
  8 1.429E-03 5.381E19  4.43191E00  5.28705E-03 1.18501E00  5.80994E-01 9.76154E02  9.46619E-01 1.30627E04  6.44423E-02
 10 9.010E-04 2.690E19  4.42823E00  4.73974E-03 1.17028E-01 1.25731E00  1.35296E03  9.49004E-01 5.74321E01  2.85773E-02
 18 1.784E-03 2.691E19  1.70408E00  4.47609E-03 2.75072E00  5.83835E-01 2.71393E03  9.53183E-01 2.03579E03  1.46897E-02
 36 3.740E-03 2.689E19  5.08884E00  4.25630E-03 1.43000E00  7.22156E-01 7.08778E03  9.79865E-01 7.62818E02  6.04351E-03
 54 5.890E-03 2.703E19  1.00615E01  3.91035E-03 3.64002E-01 1.20347E00  1.53997E03  8.21892E-01 1.42428E03  4.02424E-02
  1 8.990E-05 5.374E19  1.48034E-02 5.32255E-03 4.31717E-01 5.57668E-01 6.61554E02  1.07867E00  3.82411E03  1.80460E-02
  2 1.787E-04 2.690E19  9.65181E-02 4.75545E-03 3.99205E-02 1.30389E00  1.28260E03  1.09046E00  4.78218E01  2.22066E-02
  7 1.251E-03 5.381E19  6.79540E-01 4.92548E-03 2.32956E00  4.30925E-01 2.01370E03  1.01511E00  4.29243E03  2.12762E-02
  8 1.429E-03 5.381E19  2.57039E00  4.87424E-03 5.70071E-01 8.34972E-01 7.71803E02  9.21013E-01 3.42864E03  7.87530E-02
 10 9.010E-04 2.690E19  1.83339E-01 4.57386E-03 3.89327E-02 1.70634E00  1.74142E03  9.66879E-01 2.75594E01  1.84353E-02
 18 1.784E-03 2.691E19  2.10835E-02 4.35616E-03 2.34604E-01 1.25205E00  2.61132E02  7.89964E-01 9.33578E03  8.75107E00 
 36 3.740E-03 2.689E19  5.57922E-02 4.21108E-03 3.78145E-03 2.73821E00  3.12855E03  9.27487E-01 2.00818E01  2.02658E-02
 54 5.890E-03 2.703E19  2.17245E-01 4.19105E-03 1.96053E00  7.25476E-01 3.79894E03  8.98428E-01 2.65006E03  1.27605E-02
